[
  {
    "material_id": "gen_00000",
    "property_name": "elasticity",
    "symmetry": {
      "crystal_system": "Unknown"
    },
    "elastic_tensor": {
      "raw": [
        [
          93.37976837158203,
          40.1552734375,
          39.02891159057617,
          -0.324232816696167,
          -0.04046633839607239,
          0.479689359664917
        ],
        [
          40.1552734375,
          92.40031433105469,
          39.01702117919922,
          0.2128215879201889,
          -0.07077091932296753,
          -0.031993843615055084
        ],
        [
          39.02891159057617,
          39.01702117919922,
          93.7552490234375,
          0.6207675933837891,
          -0.23075059056282043,
          0.1730891764163971
        ],
        [
          -0.324232816696167,
          0.2128215879201889,
          0.6207675933837891,
          25.30315399169922,
          0.16769415140151978,
          0.2871837019920349
        ],
        [
          -0.04046633839607239,
          -0.07077091932296753,
          -0.23075059056282043,
          0.16769415140151978,
          25.596473693847656,
          0.048513852059841156
        ],
        [
          0.479689359664917,
          -0.031993843615055084,
          0.1730891764163971,
          0.2871837019920349,
          0.048513852059841156,
          24.784114837646484
        ]
      ],
      "ieee_format": null
    },
    "bulk_modulus": {
      "voigt": null,
      "reuss": null,
      "vrh": 56.26934051513672
    },
    "shear_modulus": {
      "voigt": null,
      "reuss": null,
      "vrh": 23.476757049560547
    },
    "young_modulus": 66.01620483398438,
    "homogeneous_poisson": 0.31685947358049543,
    "sound_velocity": {
      "transverse": 2274.67578125,
      "longitudinal": 4217.72314453125,
      "snyder_acoustic": null,
      "snyder_optical": null,
      "snyder_total": null
    },
    "thermal_conductivity": {
      "clarke": 0.6026827096939087,
      "cahill": 0.5100705623626709
    },
    "debye_temperature": 293.629638671875,
    "_source_all_materials_like": {
      "targets_scalars": [
        56.26934051513672,
        23.476757049560547,
        66.01620483398438,
        2274.67578125,
        4217.72314453125,
        0.6026827096939087,
        0.5100705623626709,
        293.629638671875
      ],
      "targets_voigt21": [
        93.37976837158203,
        40.1552734375,
        39.02891159057617,
        -0.324232816696167,
        -0.04046633839607239,
        0.479689359664917,
        92.40031433105469,
        39.01702117919922,
        0.2128215879201889,
        -0.07077091932296753,
        -0.031993843615055084,
        93.7552490234375,
        0.6207675933837891,
        -0.23075059056282043,
        0.1730891764163971,
        25.30315399169922,
        0.16769415140151978,
        0.2871837019920349,
        25.596473693847656,
        0.048513852059841156,
        24.784114837646484
      ]
    }
  },
  {
    "material_id": "gen_00001",
    "property_name": "elasticity",
    "symmetry": {
      "crystal_system": "Unknown"
    },
    "elastic_tensor": {
      "raw": [
        [
          106.85498809814453,
          43.98553466796875,
          42.77791976928711,
          -0.2943427562713623,
          -0.07307551801204681,
          0.4920809268951416
        ],
        [
          43.98553466796875,
          105.78447723388672,
          42.804508209228516,
          0.1848531812429428,
          -0.07339945435523987,
          -0.0613689199090004
        ],
        [
          42.77791976928711,
          42.804508209228516,
          107.211181640625,
          0.6630430221557617,
          -0.22374489903450012,
          0.1886378824710846
        ],
        [
          -0.2943427562713623,
          0.1848531812429428,
          0.6630430221557617,
          30.074424743652344,
          0.15853267908096313,
          0.29385751485824585
        ],
        [
          -0.07307551801204681,
          -0.07339945435523987,
          -0.22374489903450012,
          0.15853267908096313,
          30.41573143005371,
          0.08595892041921616
        ],
        [
          0.4920809268951416,
          -0.0613689199090004,
          0.1886378824710846,
          0.29385751485824585,
          0.08595892041921616,
          29.550945281982422
        ]
      ],
      "ieee_format": null
    },
    "bulk_modulus": {
      "voigt": null,
      "reuss": null,
      "vrh": 62.98175811767578
    },
    "shear_modulus": {
      "voigt": null,
      "reuss": null,
      "vrh": 28.43726348876953
    },
    "young_modulus": 78.4517593383789,
    "homogeneous_poisson": 0.30377496897106926,
    "sound_velocity": {
      "transverse": 2450.742431640625,
      "longitudinal": 4483.31689453125,
      "snyder_acoustic": null,
      "snyder_optical": null,
      "snyder_total": null
    },
    "thermal_conductivity": {
      "clarke": 0.6220079660415649,
      "cahill": 0.5263659954071045
    },
    "debye_temperature": 311.8075256347656,
    "_source_all_materials_like": {
      "targets_scalars": [
        62.98175811767578,
        28.43726348876953,
        78.4517593383789,
        2450.742431640625,
        4483.31689453125,
        0.6220079660415649,
        0.5263659954071045,
        311.8075256347656
      ],
      "targets_voigt21": [
        106.85498809814453,
        43.98553466796875,
        42.77791976928711,
        -0.2943427562713623,
        -0.07307551801204681,
        0.4920809268951416,
        105.78447723388672,
        42.804508209228516,
        0.1848531812429428,
        -0.07339945435523987,
        -0.0613689199090004,
        107.211181640625,
        0.6630430221557617,
        -0.22374489903450012,
        0.1886378824710846,
        30.074424743652344,
        0.15853267908096313,
        0.29385751485824585,
        30.41573143005371,
        0.08595892041921616,
        29.550945281982422
      ]
    }
  },
  {
    "material_id": "gen_00002",
    "property_name": "elasticity",
    "symmetry": {
      "crystal_system": "Unknown"
    },
    "elastic_tensor": {
      "raw": [
        [
          112.04834747314453,
          46.70689010620117,
          45.51345443725586,
          -0.2863290309906006,
          -0.08218152821063995,
          0.5051977634429932
        ],
        [
          46.70689010620117,
          110.9336166381836,
          45.53205871582031,
          0.18225441873073578,
          -0.07563909888267517,
          -0.06784436851739883
        ],
        [
          45.51345443725586,
          45.53205871582031,
          112.36339569091797,
          0.6849603652954102,
          -0.237583190202713,
          0.194986492395401
        ],
        [
          -0.2863290309906006,
          0.18225441873073578,
          0.6849603652954102,
          31.436166763305664,
          0.16944175958633423,
          0.2972392439842224
        ],
        [
          -0.08218152821063995,
          -0.07563909888267517,
          -0.237583190202713,
          0.16944175958633423,
          31.765165328979492,
          0.07726141065359116
        ],
        [
          0.5051977634429932,
          -0.06784436851739883,
          0.194986492395401,
          0.2972392439842224,
          0.07726141065359116,
          30.874019622802734
        ]
      ],
      "ieee_format": null
    },
    "bulk_modulus": {
      "voigt": null,
      "reuss": null,
      "vrh": 66.15065002441406
    },
    "shear_modulus": {
      "voigt": null,
      "reuss": null,
      "vrh": 29.725399017333984
    },
    "young_modulus": 81.99386596679688,
    "homogeneous_poisson": 0.304590163293108,
    "sound_velocity": {
      "transverse": 2477.103759765625,
      "longitudinal": 4550.63134765625,
      "snyder_acoustic": null,
      "snyder_optical": null,
      "snyder_total": null
    },
    "thermal_conductivity": {
      "clarke": 0.6610742807388306,
      "cahill": 0.5794122219085693
    },
    "debye_temperature": 323.8305969238281,
    "_source_all_materials_like": {
      "targets_scalars": [
        66.15065002441406,
        29.725399017333984,
        81.99386596679688,
        2477.103759765625,
        4550.63134765625,
        0.6610742807388306,
        0.5794122219085693,
        323.8305969238281
      ],
      "targets_voigt21": [
        112.04834747314453,
        46.70689010620117,
        45.51345443725586,
        -0.2863290309906006,
        -0.08218152821063995,
        0.5051977634429932,
        110.9336166381836,
        45.53205871582031,
        0.18225441873073578,
        -0.07563909888267517,
        -0.06784436851739883,
        112.36339569091797,
        0.6849603652954102,
        -0.237583190202713,
        0.194986492395401,
        31.436166763305664,
        0.16944175958633423,
        0.2972392439842224,
        31.765165328979492,
        0.07726141065359116,
        30.874019622802734
      ]
    }
  },
  {
    "material_id": "gen_00003",
    "property_name": "elasticity",
    "symmetry": {
      "crystal_system": "Unknown"
    },
    "elastic_tensor": {
      "raw": [
        [
          105.2306900024414,
          44.1822395324707,
          42.98197937011719,
          -0.30152297019958496,
          -0.08018101751804352,
          0.49587178230285645
        ],
        [
          44.1822395324707,
          104.15605926513672,
          43.00553894042969,
          0.1983724683523178,
          -0.07783976197242737,
          -0.05131814628839493
        ],
        [
          42.98197937011719,
          43.00553894042969,
          105.58032989501953,
          0.6635847091674805,
          -0.23564723134040833,
          0.18942466378211975
        ],
        [
          -0.30152297019958496,
          0.1983724683523178,
          0.6635847091674805,
          29.195011138916016,
          0.1726556420326233,
          0.29640573263168335
        ],
        [
          -0.08018101751804352,
          -0.07783976197242737,
          -0.23564723134040833,
          0.1726556420326233,
          29.51879119873047,
          0.0740780457854271
        ],
        [
          0.49587178230285645,
          -0.05131814628839493,
          0.18942466378211975,
          0.29640573263168335,
          0.0740780457854271,
          28.658885955810547
        ]
      ],
      "ieee_format": null
    },
    "bulk_modulus": {
      "voigt": null,
      "reuss": null,
      "vrh": 62.47926712036133
    },
    "shear_modulus": {
      "voigt": null,
      "reuss": null,
      "vrh": 27.428272247314453
    },
    "young_modulus": 76.18971252441406,
    "homogeneous_poisson": 0.3085206860253086,
    "sound_velocity": {
      "transverse": 2435.86572265625,
      "longitudinal": 4485.52197265625,
      "snyder_acoustic": null,
      "snyder_optical": null,
      "snyder_total": null
    },
    "thermal_conductivity": {
      "clarke": 0.6389337778091431,
      "cahill": 0.5517833232879639
    },
    "debye_temperature": 315.3929443359375,
    "_source_all_materials_like": {
      "targets_scalars": [
        62.47926712036133,
        27.428272247314453,
        76.18971252441406,
        2435.86572265625,
        4485.52197265625,
        0.6389337778091431,
        0.5517833232879639,
        315.3929443359375
      ],
      "targets_voigt21": [
        105.2306900024414,
        44.1822395324707,
        42.98197937011719,
        -0.30152297019958496,
        -0.08018101751804352,
        0.49587178230285645,
        104.15605926513672,
        43.00553894042969,
        0.1983724683523178,
        -0.07783976197242737,
        -0.05131814628839493,
        105.58032989501953,
        0.6635847091674805,
        -0.23564723134040833,
        0.18942466378211975,
        29.195011138916016,
        0.1726556420326233,
        0.29640573263168335,
        29.51879119873047,
        0.0740780457854271,
        28.658885955810547
      ]
    }
  },
  {
    "material_id": "gen_00004",
    "property_name": "elasticity",
    "symmetry": {
      "crystal_system": "Unknown"
    },
    "elastic_tensor": {
      "raw": [
        [
          104.18095397949219,
          44.45648193359375,
          43.312557220458984,
          -0.29639506340026855,
          -0.07042495161294937,
          0.502363920211792
        ],
        [
          44.45648193359375,
          103.14148712158203,
          43.304134368896484,
          0.20293007791042328,
          -0.08653268218040466,
          -0.05113408714532852
        ],
        [
          43.312557220458984,
          43.304134368896484,
          104.55768585205078,
          0.6508083343505859,
          -0.2414560616016388,
          0.19110408425331116
        ],
        [
          -0.29639506340026855,
          0.20293007791042328,
          0.6508083343505859,
          28.56556510925293,
          0.17490679025650024,
          0.29713815450668335
        ],
        [
          -0.07042495161294937,
          -0.08653268218040466,
          -0.2414560616016388,
          0.17490679025650024,
          28.889068603515625,
          0.0690731629729271
        ],
        [
          0.502363920211792,
          -0.05113408714532852,
          0.19110408425331116,
          0.29713815450668335,
          0.0690731629729271,
          28.03852081298828
        ]
      ],
      "ieee_format": null
    },
    "bulk_modulus": {
      "voigt": null,
      "reuss": null,
      "vrh": 62.4796028137207
    },
    "shear_modulus": {
      "voigt": null,
      "reuss": null,
      "vrh": 26.797948837280273
    },
    "young_modulus": 74.70861053466797,
    "homogeneous_poisson": 0.3123714913978245,
    "sound_velocity": {
      "transverse": 2363.157958984375,
      "longitudinal": 4379.93701171875,
      "snyder_acoustic": null,
      "snyder_optical": null,
      "snyder_total": null
    },
    "thermal_conductivity": {
      "clarke": 0.6049371957778931,
      "cahill": 0.5241754055023193
    },
    "debye_temperature": 304.0605773925781,
    "_source_all_materials_like": {
      "targets_scalars": [
        62.4796028137207,
        26.797948837280273,
        74.70861053466797,
        2363.157958984375,
        4379.93701171875,
        0.6049371957778931,
        0.5241754055023193,
        304.0605773925781
      ],
      "targets_voigt21": [
        104.18095397949219,
        44.45648193359375,
        43.312557220458984,
        -0.29639506340026855,
        -0.07042495161294937,
        0.502363920211792,
        103.14148712158203,
        43.304134368896484,
        0.20293007791042328,
        -0.08653268218040466,
        -0.05113408714532852,
        104.55768585205078,
        0.6508083343505859,
        -0.2414560616016388,
        0.19110408425331116,
        28.56556510925293,
        0.17490679025650024,
        0.29713815450668335,
        28.889068603515625,
        0.0690731629729271,
        28.03852081298828
      ]
    }
  },
  {
    "material_id": "gen_00005",
    "property_name": "elasticity",
    "symmetry": {
      "crystal_system": "Unknown"
    },
    "elastic_tensor": {
      "raw": [
        [
          105.44819641113281,
          43.75750732421875,
          42.57278060913086,
          -0.2916562557220459,
          -0.07045130431652069,
          0.4949839115142822
        ],
        [
          43.75750732421875,
          104.36913299560547,
          42.58252716064453,
          0.18784199655056,
          -0.07381024956703186,
          -0.05554387718439102
        ],
        [
          42.57278060913086,
          42.58252716064453,
          105.79888153076172,
          0.6649713516235352,
          -0.23053792119026184,
          0.19639506936073303
        ],
        [
          -0.2916562557220459,
          0.18784199655056,
          0.6649713516235352,
          29.51446533203125,
          0.16703706979751587,
          0.2866591811180115
        ],
        [
          -0.07045130431652069,
          -0.07381024956703186,
          -0.23053792119026184,
          0.16703706979751587,
          29.850605010986328,
          0.07759519666433334
        ],
        [
          0.4949839115142822,
          -0.05554387718439102,
          0.19639506936073303,
          0.2866591811180115,
          0.07759519666433334,
          28.980655670166016
        ]
      ],
      "ieee_format": null
    },
    "bulk_modulus": {
      "voigt": null,
      "reuss": null,
      "vrh": 62.35210037231445
    },
    "shear_modulus": {
      "voigt": null,
      "reuss": null,
      "vrh": 27.8364315032959
    },
    "young_modulus": 77.0046157836914,
    "homogeneous_poisson": 0.3056953962759964,
    "sound_velocity": {
      "transverse": 2427.438720703125,
      "longitudinal": 4451.818359375,
      "snyder_acoustic": null,
      "snyder_optical": null,
      "snyder_total": null
    },
    "thermal_conductivity": {
      "clarke": 0.6190477609634399,
      "cahill": 0.5329940319061279
    },
    "debye_temperature": 311.2274475097656,
    "_source_all_materials_like": {
      "targets_scalars": [
        62.35210037231445,
        27.8364315032959,
        77.0046157836914,
        2427.438720703125,
        4451.818359375,
        0.6190477609634399,
        0.5329940319061279,
        311.2274475097656
      ],
      "targets_voigt21": [
        105.44819641113281,
        43.75750732421875,
        42.57278060913086,
        -0.2916562557220459,
        -0.07045130431652069,
        0.4949839115142822,
        104.36913299560547,
        42.58252716064453,
        0.18784199655056,
        -0.07381024956703186,
        -0.05554387718439102,
        105.79888153076172,
        0.6649713516235352,
        -0.23053792119026184,
        0.19639506936073303,
        29.51446533203125,
        0.16703706979751587,
        0.2866591811180115,
        29.850605010986328,
        0.07759519666433334,
        28.980655670166016
      ]
    }
  },
  {
    "material_id": "gen_00006",
    "property_name": "elasticity",
    "symmetry": {
      "crystal_system": "Unknown"
    },
    "elastic_tensor": {
      "raw": [
        [
          102.73119354248047,
          43.71101760864258,
          42.56660842895508,
          -0.31203150749206543,
          -0.06864411383867264,
          0.48630547523498535
        ],
        [
          43.71101760864258,
          101.70280456542969,
          42.557952880859375,
          0.20490609109401703,
          -0.07648363709449768,
          -0.05074308067560196
        ],
        [
          42.56660842895508,
          42.557952880859375,
          103.0855484008789,
          0.6401472091674805,
          -0.23493149876594543,
          0.184702068567276
        ],
        [
          -0.31203150749206543,
          0.20490609109401703,
          0.6401472091674805,
          28.238481521606445,
          0.16361528635025024,
          0.2982158064842224
        ],
        [
          -0.06864411383867264,
          -0.07648363709449768,
          -0.23493149876594543,
          0.16361528635025024,
          28.55638313293457,
          0.05487295240163803
        ],
        [
          0.48630547523498535,
          -0.05074308067560196,
          0.184702068567276,
          0.2982158064842224,
          0.05487295240163803,
          27.7043514251709
        ]
      ],
      "ieee_format": null
    },
    "bulk_modulus": {
      "voigt": null,
      "reuss": null,
      "vrh": 61.505821228027344
    },
    "shear_modulus": {
      "voigt": null,
      "reuss": null,
      "vrh": 26.42830467224121
    },
    "young_modulus": 73.67886352539062,
    "homogeneous_poisson": 0.31207275539465207,
    "sound_velocity": {
      "transverse": 2350.83251953125,
      "longitudinal": 4347.27490234375,
      "snyder_acoustic": null,
      "snyder_optical": null,
      "snyder_total": null
    },
    "thermal_conductivity": {
      "clarke": 0.6202570199966431,
      "cahill": 0.5282742977142334
    },
    "debye_temperature": 304.091064453125,
    "_source_all_materials_like": {
      "targets_scalars": [
        61.505821228027344,
        26.42830467224121,
        73.67886352539062,
        2350.83251953125,
        4347.27490234375,
        0.6202570199966431,
        0.5282742977142334,
        304.091064453125
      ],
      "targets_voigt21": [
        102.73119354248047,
        43.71101760864258,
        42.56660842895508,
        -0.31203150749206543,
        -0.06864411383867264,
        0.48630547523498535,
        101.70280456542969,
        42.557952880859375,
        0.20490609109401703,
        -0.07648363709449768,
        -0.05074308067560196,
        103.0855484008789,
        0.6401472091674805,
        -0.23493149876594543,
        0.184702068567276,
        28.238481521606445,
        0.16361528635025024,
        0.2982158064842224,
        28.55638313293457,
        0.05487295240163803,
        27.7043514251709
      ]
    }
  },
  {
    "material_id": "gen_00007",
    "property_name": "elasticity",
    "symmetry": {
      "crystal_system": "Unknown"
    },
    "elastic_tensor": {
      "raw": [
        [
          102.47296905517578,
          43.42137145996094,
          42.26302719116211,
          -0.3021247386932373,
          -0.06844501942396164,
          0.4936187267303467
        ],
        [
          43.42137145996094,
          101.45165252685547,
          42.25136947631836,
          0.19664441049098969,
          -0.0804271399974823,
          -0.048195816576480865
        ],
        [
          42.26302719116211,
          42.25136947631836,
          102.8465576171875,
          0.6394271850585938,
          -0.23584416508674622,
          0.1880456507205963
        ],
        [
          -0.3021247386932373,
          0.19664441049098969,
          0.6394271850585938,
          28.205642700195312,
          0.1686893105506897,
          0.29501718282699585
        ],
        [
          -0.06844501942396164,
          -0.0804271399974823,
          -0.23584416508674622,
          0.1686893105506897,
          28.534589767456055,
          0.059948407113552094
        ],
        [
          0.4936187267303467,
          -0.048195816576480865,
          0.1880456507205963,
          0.29501718282699585,
          0.059948407113552094,
          27.689678192138672
        ]
      ],
      "ieee_format": null
    },
    "bulk_modulus": {
      "voigt": null,
      "reuss": null,
      "vrh": 61.34174728393555
    },
    "shear_modulus": {
      "voigt": null,
      "reuss": null,
      "vrh": 26.450754165649414
    },
    "young_modulus": 73.65263366699219,
    "homogeneous_poisson": 0.3114933199072091,
    "sound_velocity": {
      "transverse": 2352.596435546875,
      "longitudinal": 4345.7978515625,
      "snyder_acoustic": null,
      "snyder_optical": null,
      "snyder_total": null
    },
    "thermal_conductivity": {
      "clarke": 0.5919138193130493,
      "cahill": 0.5064380168914795
    },
    "debye_temperature": 300.3226318359375,
    "_source_all_materials_like": {
      "targets_scalars": [
        61.34174728393555,
        26.450754165649414,
        73.65263366699219,
        2352.596435546875,
        4345.7978515625,
        0.5919138193130493,
        0.5064380168914795,
        300.3226318359375
      ],
      "targets_voigt21": [
        102.47296905517578,
        43.42137145996094,
        42.26302719116211,
        -0.3021247386932373,
        -0.06844501942396164,
        0.4936187267303467,
        101.45165252685547,
        42.25136947631836,
        0.19664441049098969,
        -0.0804271399974823,
        -0.048195816576480865,
        102.8465576171875,
        0.6394271850585938,
        -0.23584416508674622,
        0.1880456507205963,
        28.205642700195312,
        0.1686893105506897,
        0.29501718282699585,
        28.534589767456055,
        0.059948407113552094,
        27.689678192138672
      ]
    }
  },
  {
    "material_id": "gen_00008",
    "property_name": "elasticity",
    "symmetry": {
      "crystal_system": "Unknown"
    },
    "elastic_tensor": {
      "raw": [
        [
          103.4735107421875,
          44.09354019165039,
          42.9375114440918,
          -0.30395007133483887,
          -0.07407622039318085,
          0.4921419620513916
        ],
        [
          44.09354019165039,
          102.4527816772461,
          42.93439865112305,
          0.2028251737356186,
          -0.0827312171459198,
          -0.04678342491388321
        ],
        [
          42.9375114440918,
          42.93439865112305,
          103.84446716308594,
          0.6450986862182617,
          -0.24387171864509583,
          0.1870976984500885
        ],
        [
          -0.30395007133483887,
          0.2028251737356186,
          0.6450986862182617,
          28.401447296142578,
          0.17431789636611938,
          0.302207887172699
        ],
        [
          -0.07407622039318085,
          -0.0827312171459198,
          -0.24387171864509583,
          0.17431789636611938,
          28.719858169555664,
          0.058811627328395844
        ],
        [
          0.4921419620513916,
          -0.04678342491388321,
          0.1870976984500885,
          0.302207887172699,
          0.058811627328395844,
          27.87799835205078
        ]
      ],
      "ieee_format": null
    },
    "bulk_modulus": {
      "voigt": null,
      "reuss": null,
      "vrh": 62.023231506347656
    },
    "shear_modulus": {
      "voigt": null,
      "reuss": null,
      "vrh": 26.604324340820312
    },
    "young_modulus": 74.18630981445312,
    "homogeneous_poisson": 0.31235843134404706,
    "sound_velocity": {
      "transverse": 2355.27001953125,
      "longitudinal": 4360.55908203125,
      "snyder_acoustic": null,
      "snyder_optical": null,
      "snyder_total": null
    },
    "thermal_conductivity": {
      "clarke": 0.6030908823013306,
      "cahill": 0.5208003520965576
    },
    "debye_temperature": 303.182861328125,
    "_source_all_materials_like": {
      "targets_scalars": [
        62.023231506347656,
        26.604324340820312,
        74.18630981445312,
        2355.27001953125,
        4360.55908203125,
        0.6030908823013306,
        0.5208003520965576,
        303.182861328125
      ],
      "targets_voigt21": [
        103.4735107421875,
        44.09354019165039,
        42.9375114440918,
        -0.30395007133483887,
        -0.07407622039318085,
        0.4921419620513916,
        102.4527816772461,
        42.93439865112305,
        0.2028251737356186,
        -0.0827312171459198,
        -0.04678342491388321,
        103.84446716308594,
        0.6450986862182617,
        -0.24387171864509583,
        0.1870976984500885,
        28.401447296142578,
        0.17431789636611938,
        0.302207887172699,
        28.719858169555664,
        0.058811627328395844,
        27.87799835205078
      ]
    }
  },
  {
    "material_id": "gen_00009",
    "property_name": "elasticity",
    "symmetry": {
      "crystal_system": "Unknown"
    },
    "elastic_tensor": {
      "raw": [
        [
          101.10089874267578,
          44.00709915161133,
          42.89146041870117,
          -0.30966639518737793,
          -0.07554067671298981,
          0.5020544528961182
        ],
        [
          44.00709915161133,
          100.06877899169922,
          42.86811065673828,
          0.20202027261257172,
          -0.08937430381774902,
          -0.04053495079278946
        ],
        [
          42.89146041870117,
          42.86811065673828,
          101.47611999511719,
          0.6472482681274414,
          -0.24440625309944153,
          0.1945582926273346
        ],
        [
          -0.30966639518737793,
          0.20202027261257172,
          0.6472482681274414,
          27.241342544555664,
          0.18586403131484985,
          0.3071689009666443
        ],
        [
          -0.07554067671298981,
          -0.08937430381774902,
          -0.24440625309944153,
          0.18586403131484985,
          27.5543270111084,
          0.04019971936941147
        ],
        [
          0.5020544528961182,
          -0.04053495079278946,
          0.1945582926273346,
          0.3071689009666443,
          0.04019971936941147,
          26.72018814086914
        ]
      ],
      "ieee_format": null
    },
    "bulk_modulus": {
      "voigt": null,
      "reuss": null,
      "vrh": 61.18220138549805
    },
    "shear_modulus": {
      "voigt": null,
      "reuss": null,
      "vrh": 25.42597770690918
    },
    "young_modulus": 71.33991241455078,
    "homogeneous_poisson": 0.3174929638123837,
    "sound_velocity": {
      "transverse": 2307.77587890625,
      "longitudinal": 4307.60107421875,
      "snyder_acoustic": null,
      "snyder_optical": null,
      "snyder_total": null
    },
    "thermal_conductivity": {
      "clarke": 0.5927034616470337,
      "cahill": 0.514509916305542
    },
    "debye_temperature": 298.9192810058594,
    "_source_all_materials_like": {
      "targets_scalars": [
        61.18220138549805,
        25.42597770690918,
        71.33991241455078,
        2307.77587890625,
        4307.60107421875,
        0.5927034616470337,
        0.514509916305542,
        298.9192810058594
      ],
      "targets_voigt21": [
        101.10089874267578,
        44.00709915161133,
        42.89146041870117,
        -0.30966639518737793,
        -0.07554067671298981,
        0.5020544528961182,
        100.06877899169922,
        42.86811065673828,
        0.20202027261257172,
        -0.08937430381774902,
        -0.04053495079278946,
        101.47611999511719,
        0.6472482681274414,
        -0.24440625309944153,
        0.1945582926273346,
        27.241342544555664,
        0.18586403131484985,
        0.3071689009666443,
        27.5543270111084,
        0.04019971936941147,
        26.72018814086914
      ]
    }
  },
  {
    "material_id": "gen_00010",
    "property_name": "elasticity",
    "symmetry": {
      "crystal_system": "Unknown"
    },
    "elastic_tensor": {
      "raw": [
        [
          106.72647094726562,
          44.97307586669922,
          43.77324676513672,
          -0.29366374015808105,
          -0.06349590420722961,
          0.5021917819976807
        ],
        [
          44.97307586669922,
          105.64323425292969,
          43.79203796386719,
          0.1857076734304428,
          -0.07666453719139099,
          -0.05001256614923477
        ],
        [
          43.77324676513672,
          43.79203796386719,
          107.10363006591797,
          0.6762762069702148,
          -0.24195674061775208,
          0.20215144753456116
        ],
        [
          -0.29366374015808105,
          0.1857076734304428,
          0.6762762069702148,
          29.525203704833984,
          0.16058212518692017,
          0.30076783895492554
        ],
        [
          -0.06349590420722961,
          -0.07666453719139099,
          -0.24195674061775208,
          0.16058212518692017,
          29.85419273376465,
          0.08168455213308334
        ],
        [
          0.5021917819976807,
          -0.05001256614923477,
          0.20215144753456116,
          0.30076783895492554,
          0.08168455213308334,
          28.96843719482422
        ]
      ],
      "ieee_format": null
    },
    "bulk_modulus": {
      "voigt": null,
      "reuss": null,
      "vrh": 63.576560974121094
    },
    "shear_modulus": {
      "voigt": null,
      "reuss": null,
      "vrh": 27.76786231994629
    },
    "young_modulus": 77.11282348632812,
    "homogeneous_poisson": 0.3093718012542045,
    "sound_velocity": {
      "transverse": 2448.939453125,
      "longitudinal": 4516.00927734375,
      "snyder_acoustic": null,
      "snyder_optical": null,
      "snyder_total": null
    },
    "thermal_conductivity": {
      "clarke": 0.6236521005630493,
      "cahill": 0.5588662624359131
    },
    "debye_temperature": 315.28228759765625,
    "_source_all_materials_like": {
      "targets_scalars": [
        63.576560974121094,
        27.76786231994629,
        77.11282348632812,
        2448.939453125,
        4516.00927734375,
        0.6236521005630493,
        0.5588662624359131,
        315.28228759765625
      ],
      "targets_voigt21": [
        106.72647094726562,
        44.97307586669922,
        43.77324676513672,
        -0.29366374015808105,
        -0.06349590420722961,
        0.5021917819976807,
        105.64323425292969,
        43.79203796386719,
        0.1857076734304428,
        -0.07666453719139099,
        -0.05001256614923477,
        107.10363006591797,
        0.6762762069702148,
        -0.24195674061775208,
        0.20215144753456116,
        29.525203704833984,
        0.16058212518692017,
        0.30076783895492554,
        29.85419273376465,
        0.08168455213308334,
        28.96843719482422
      ]
    }
  },
  {
    "material_id": "gen_00011",
    "property_name": "elasticity",
    "symmetry": {
      "crystal_system": "Unknown"
    },
    "elastic_tensor": {
      "raw": [
        [
          97.6169662475586,
          41.25422668457031,
          40.103755950927734,
          -0.30897974967956543,
          -0.04935193061828613,
          0.4903275966644287
        ],
        [
          41.25422668457031,
          96.60088348388672,
          40.08743667602539,
          0.1992565244436264,
          -0.07102462649345398,
          -0.03791330009698868
        ],
        [
          40.103755950927734,
          40.08743667602539,
          98.00045013427734,
          0.6315460205078125,
          -0.23404410481452942,
          0.19299331307411194
        ],
        [
          -0.30897974967956543,
          0.1992565244436264,
          0.6315460205078125,
          26.787757873535156,
          0.16504722833633423,
          0.28499025106430054
        ],
        [
          -0.04935193061828613,
          -0.07102462649345398,
          -0.23404410481452942,
          0.16504722833633423,
          27.119041442871094,
          0.062344036996364594
        ],
        [
          0.4903275966644287,
          -0.03791330009698868,
          0.19299331307411194,
          0.28499025106430054,
          0.062344036996364594,
          26.28109359741211
        ]
      ],
      "ieee_format": null
    },
    "bulk_modulus": {
      "voigt": null,
      "reuss": null,
      "vrh": 58.44770431518555
    },
    "shear_modulus": {
      "voigt": null,
      "reuss": null,
      "vrh": 25.07223129272461
    },
    "young_modulus": 69.93612670898438,
    "homogeneous_poisson": 0.3123479662596445,
    "sound_velocity": {
      "transverse": 2328.247802734375,
      "longitudinal": 4293.44775390625,
      "snyder_acoustic": null,
      "snyder_optical": null,
      "snyder_total": null
    },
    "thermal_conductivity": {
      "clarke": 0.5762544870376587,
      "cahill": 0.4901120364665985
    },
    "debye_temperature": 295.56829833984375,
    "_source_all_materials_like": {
      "targets_scalars": [
        58.44770431518555,
        25.07223129272461,
        69.93612670898438,
        2328.247802734375,
        4293.44775390625,
        0.5762544870376587,
        0.4901120364665985,
        295.56829833984375
      ],
      "targets_voigt21": [
        97.6169662475586,
        41.25422668457031,
        40.103755950927734,
        -0.30897974967956543,
        -0.04935193061828613,
        0.4903275966644287,
        96.60088348388672,
        40.08743667602539,
        0.1992565244436264,
        -0.07102462649345398,
        -0.03791330009698868,
        98.00045013427734,
        0.6315460205078125,
        -0.23404410481452942,
        0.19299331307411194,
        26.787757873535156,
        0.16504722833633423,
        0.28499025106430054,
        27.119041442871094,
        0.062344036996364594,
        26.28109359741211
      ]
    }
  },
  {
    "material_id": "gen_00012",
    "property_name": "elasticity",
    "symmetry": {
      "crystal_system": "Unknown"
    },
    "elastic_tensor": {
      "raw": [
        [
          100.79175567626953,
          41.90068817138672,
          40.69462966918945,
          -0.3023974895477295,
          -0.06373827159404755,
          0.49268603324890137
        ],
        [
          41.90068817138672,
          99.71464538574219,
          40.72600173950195,
          0.18899212777614594,
          -0.07160589098930359,
          -0.03621862083673477
        ],
        [
          40.69462966918945,
          40.72600173950195,
          101.15409088134766,
          0.6699314117431641,
          -0.22376492619514465,
          0.19666782021522522
        ],
        [
          -0.3023974895477295,
          0.18899212777614594,
          0.6699314117431641,
          28.033329010009766,
          0.16325289011001587,
          0.28609269857406616
        ],
        [
          -0.06373827159404755,
          -0.07160589098930359,
          -0.22376492619514465,
          0.16325289011001587,
          28.356609344482422,
          0.07377096265554428
        ],
        [
          0.49268603324890137,
          -0.03621862083673477,
          0.19666782021522522,
          0.28609269857406616,
          0.07377096265554428,
          27.496417999267578
        ]
      ],
      "ieee_format": null
    },
    "bulk_modulus": {
      "voigt": null,
      "reuss": null,
      "vrh": 59.66335678100586
    },
    "shear_modulus": {
      "voigt": null,
      "reuss": null,
      "vrh": 26.296091079711914
    },
    "young_modulus": 73.07474517822266,
    "homogeneous_poisson": 0.30785779057778917,
    "sound_velocity": {
      "transverse": 2435.49609375,
      "longitudinal": 4466.626953125,
      "snyder_acoustic": null,
      "snyder_optical": null,
      "snyder_total": null
    },
    "thermal_conductivity": {
      "clarke": 0.6216989755630493,
      "cahill": 0.5396649837493896
    },
    "debye_temperature": 312.6319885253906,
    "_source_all_materials_like": {
      "targets_scalars": [
        59.66335678100586,
        26.296091079711914,
        73.07474517822266,
        2435.49609375,
        4466.626953125,
        0.6216989755630493,
        0.5396649837493896,
        312.6319885253906
      ],
      "targets_voigt21": [
        100.79175567626953,
        41.90068817138672,
        40.69462966918945,
        -0.3023974895477295,
        -0.06373827159404755,
        0.49268603324890137,
