[
  {
    "material_id": "aim-2el-gen_00007",
    "builder_meta": {
      "emmet_version": "aim-materials-local",
      "pymatgen_version": "2025.6.14",
      "database_version": "qe_campaign_v1_local",
      "build_date": "2026-02-21T01:08:03.777461+00:00",
      "license": "BY-C"
    },
    "chemsys": "Ge-H",
    "composition": {
      "Ge": 3.0,
      "H": 6.0
    },
    "composition_reduced": {
      "Ge": 1.0,
      "H": 2.0
    },
    "density": 2.367232121391791,
    "density_atomic": 17.45625257790054,
    "deprecated": false,
    "elements": [
      "Ge",
      "H"
    ],
    "formula_anonymous": "AB2",
    "formula_pretty": "GeH2",
    "homogeneous_poisson": 0.2935825247746394,
    "nelements": 2,
    "nsites": 9,
    "origins": [],
    "structure": {
      "@module": "pymatgen.core.structure",
      "@class": "Structure",
      "charge": 0.0,
      "lattice": {
        "matrix": [
          [
            0.9359123261821862,
            0.0,
            13.20752810759806
          ],
          [
            10.556765678856598,
            12.660340986851985,
            214.998042825487
          ],
          [
            0.0,
            0.0,
            13.25906674
          ]
        ],
        "pbc": [
          true,
          true,
          true
        ],
        "a": 13.240646909999999,
        "b": 215.62905174,
        "c": 13.25906674,
        "alpha": 4.384375139999945,
        "beta": 4.053320139999985,
        "gamma": 3.5876459599999104,
        "volume": 157.10627320110484
      },
      "properties": {},
      "sites": [
        {
          "species": [
            {
              "element": "Ge",
              "occu": 1.0
            }
          ],
          "abc": [
            0.40551296,
            0.31000334,
            0.85894942
          ],
          "properties": {},
          "label": "Ge0",
          "xyz": [
            3.6521571977335365,
            3.9247479914630117,
            83.39480287262359
          ]
        },
        {
          "species": [
            {
              "element": "Ge",
              "occu": 1.0
            }
          ],
          "abc": [
            0.1844167,
            0.49623017,
            0.95620277
          ],
          "properties": {},
          "label": "Ge1",
          "xyz": [
            5.411183490153017,
            6.282443160163528,
            121.80256043412206
          ]
        },
        {
          "species": [
            {
              "element": "Ge",
              "occu": 1.0
            }
          ],
          "abc": [
            0.7254349,
            0.70515428,
            0.98739461
          ],
          "properties": {},
          "label": "Ge2",
          "xyz": [
            8.123091966155577,
            8.9274936331381,
            174.27992295470432
          ]
        },
        {
          "species": [
            {
              "element": "H",
              "occu": 1.0
            }
          ],
          "abc": [
            0.19788785,
            0.15723017,
            0.15624016
          ],
          "properties": {},
          "label": "H3",
          "xyz": [
            1.84504774035348,
            1.9905875656207053,
            38.48938687305403
          ]
        },
        {
          "species": [
            {
              "element": "H",
              "occu": 1.0
            }
          ],
          "abc": [
            0.10339367,
            0.17335076,
            0.79611539
          ],
          "properties": {},
          "label": "H4",
          "xyz": [
            1.9267907637739206,
            2.1946797319299414,
            49.19139601373456
          ]
        },
        {
          "species": [
            {
              "element": "H",
              "occu": 1.0
            }
          ],
          "abc": [
            0.27950459,
            0.58929937,
            0.7629452
          ],
          "properties": {},
          "label": "H5",
          "xyz": [
            6.482687154793314,
            7.460730967537053,
            140.5057172426828
          ]
        },
        {
          "species": [
            {
              "element": "H",
              "occu": 1.0
            }
          ],
          "abc": [
            0.64014608,
            0.45755434,
            0.67352753
          ],
          "properties": {},
          "label": "H6",
          "xyz": [
            5.429414559553091,
            5.792793964414009,
            115.75838140237352
          ]
        },
        {
          "species": [
            {
              "element": "H",
              "occu": 1.0
            }
          ],
          "abc": [
            0.0710428,
            0.83546775,
            0.12328521
          ],
          "properties": {},
          "label": "H7",
          "xyz": [
            8.88632710119804,
            10.577306598518007,
            182.19687769910067
          ]
        },
        {
          "species": [
            {
              "element": "H",
              "occu": 1.0
            }
          ],
          "abc": [
            0.88467003,
            0.77047293,
            0.18164724
          ],
          "properties": {},
          "label": "H8",
          "xyz": [
            8.961675769593047,
            9.75445001493894,
            179.74294916548988
          ]
        }
      ]
    },
    "symmetry": {
      "crystal_system": "Triclinic",
      "symbol": "P1",
      "number": 1,
      "point_group": "1",
      "symprec": 0.1,
      "version": "2.6.0"
    },
    "universal_anisotropy": 2.279601377516782,
    "volume": 157.10627320110484,
    "summary": {
      "database_IDs": {
        "aim_materials": [
          "aim-2el-gen_00007"
        ],
        "source_candidate_relpath": "2el/004_gen_00007_GeH2",
        "source_manifest_id": "gen_00007",
        "source_set": "2el",
        "source_reduced_formula": "GeH2"
      },
      "has_props": [
        "summary",
        "elasticity"
      ],
      "task_ids": [],
      "theoretical": true
    },
    "elasticity": {
      "bulk_modulus": {
        "voigt": 111.92673928306957,
        "reuss": 111.92673928306957,
        "vrh": 111.92673928306957
      },
      "compliance_tensor": {
        "raw": [
          [
            0.7341407660404722,
            -0.21569534902424917,
            -0.21289160633712584,
            0.011702881666384854,
            0.021500774574290997,
            0.027876125485210068
          ],
          [
            -0.2156953490242492,
            0.7347916251503007,
            -0.21317547884637497,
            0.0036926517515406716,
            0.01559415540296093,
            0.007821021657517238
          ],
          [
            -0.2128916063371258,
            -0.21317547884637497,
            0.7320158126893972,
            0.0015052572273714414,
            0.05469410837602558,
            0.01204588927266466
          ],
          [
            0.011702881666384855,
            0.0036926517515406716,
            0.0015052572273714416,
            2.1957376965931372,
            0.020880522267799656,
            0.05144385419096803
          ],
          [
            0.02150077457429099,
            0.015594155402960927,
            0.054694108376025584,
            0.020880522267799656,
            2.1888358725292156,
            -0.016296927677465618
          ],
          [
            0.027876125485210068,
            0.007821021657517236,
            0.012045889272664662,
            0.05144385419096803,
            -0.016296927677465618,
            2.1308429107341937
          ]
        ],
        "ieee_format": [
          [
            0.7341407660404722,
            -0.21569534902424917,
            -0.21289160633712584,
            0.011702881666384854,
            0.021500774574290997,
            0.027876125485210068
          ],
          [
            -0.2156953490242492,
            0.7347916251503007,
            -0.21317547884637497,
            0.0036926517515406716,
            0.01559415540296093,
            0.007821021657517238
          ],
          [
            -0.2128916063371258,
            -0.21317547884637497,
            0.7320158126893972,
            0.0015052572273714414,
            0.05469410837602558,
            0.01204588927266466
          ],
          [
            0.011702881666384855,
            0.0036926517515406716,
            0.0015052572273714416,
            2.1957376965931372,
            0.020880522267799656,
            0.05144385419096803
          ],
          [
            0.02150077457429099,
            0.015594155402960927,
            0.054694108376025584,
            0.020880522267799656,
            2.1888358725292156,
            -0.016296927677465618
          ],
          [
            0.027876125485210068,
            0.007821021657517236,
            0.012045889272664662,
            0.05144385419096803,
            -0.016296927677465618,
            2.1308429107341937
          ]
        ]
      },
      "elastic_tensor": {
        "raw": [
          [
            1.7994179725646973,
            0.7453255653381348,
            0.7440149188041687,
            -0.010241606272757053,
            -0.04170660674571991,
            -0.030553707852959633
          ],
          [
            0.7453255653381348,
            1.796396017074585,
            0.7431551218032837,
            -0.006649655289947987,
            -0.038779862225055695,
            -0.020681165158748627
          ],
          [
            0.7440149188041687,
            0.7431551218032837,
            1.803598403930664,
            -0.005363971460610628,
            -0.05779067799448967,
            -0.022969454526901245
          ],
          [
            -0.010241606272757053,
            -0.006649655289947987,
            -0.005363971460610628,
            0.45579081773757935,
            -0.0041467915289103985,
            -0.010846927762031555
          ],
          [
            -0.04170660674571991,
            -0.038779862225055695,
            -0.05779067799448967,
            -0.0041467915289103985,
            0.4590678811073303,
            0.004625765606760979
          ],
          [
            -0.030553707852959633,
            -0.020681165158748627,
            -0.022969454526901245,
            -0.010846927762031555,
            0.004625765606760979,
            0.4702005684375763
          ]
        ],
        "ieee_format": [
          [
            1.7994179725646973,
            0.7453255653381348,
            0.7440149188041687,
            -0.010241606272757053,
            -0.04170660674571991,
            -0.030553707852959633
          ],
          [
            0.7453255653381348,
            1.796396017074585,
            0.7431551218032837,
            -0.006649655289947987,
            -0.038779862225055695,
            -0.020681165158748627
          ],
          [
            0.7440149188041687,
            0.7431551218032837,
            1.803598403930664,
            -0.005363971460610628,
            -0.05779067799448967,
            -0.022969454526901245
          ],
          [
            -0.010241606272757053,
            -0.006649655289947987,
            -0.005363971460610628,
            0.45579081773757935,
            -0.0041467915289103985,
            -0.010846927762031555
          ],
          [
            -0.04170660674571991,
            -0.038779862225055695,
            -0.05779067799448967,
            -0.0041467915289103985,
            0.4590678811073303,
            0.004625765606760979
          ],
          [
            -0.030553707852959633,
            -0.020681165158748627,
            -0.022969454526901245,
            -0.010846927762031555,
            0.004625765606760979,
            0.4702005684375763
          ]
        ]
      },
      "fitting_data": {
        "source": "aim_materials_ml_predictions",
        "selection_quality_score": 10.0,
        "source_candidate_relpath": "2el/004_gen_00007_GeH2"
      },
      "fitting_method": "ml_predicted_proxy",
      "last_updated": "2026-02-21T01:08:03.781574+00:00",
      "order": 2,
      "property_name": "elasticity",
      "shear_modulus": {
        "voigt": 53.580582198364326,
        "reuss": 53.580582198364326,
        "vrh": 53.580582198364326
      },
      "state": "predicted",
      "warnings": [],
      "young_modulus": 138.62180959811045
    }
  },
  {
    "material_id": "aim-2el-gen_00016",
    "builder_meta": {
      "emmet_version": "aim-materials-local",
      "pymatgen_version": "2025.6.14",
      "database_version": "qe_campaign_v1_local",
      "build_date": "2026-02-21T01:08:03.777461+00:00",
      "license": "BY-C"
    },
    "chemsys": "I-Tl",
    "composition": {
      "Tl": 3.0,
      "I": 5.0
    },
    "composition_reduced": {
      "Tl": 3.0,
      "I": 5.0
    },
    "density": 10.124055955831194,
    "density_atomic": 25.580267994506354,
    "deprecated": false,
    "elements": [
      "I",
      "Tl"
    ],
    "formula_anonymous": "A3B5",
    "formula_pretty": "Tl3I5",
    "homogeneous_poisson": 0.28133331107231707,
    "nelements": 2,
    "nsites": 8,
    "origins": [],
    "structure": {
      "@module": "pymatgen.core.structure",
      "@class": "Structure",
      "charge": 0.0,
      "lattice": {
        "matrix": [
          [
            1.0739199552066558,
            0.0,
            5.0844101031849664
          ],
          [
            35.951780074834865,
            36.68280044763683,
            259.0045673984054
          ],
          [
            0.0,
            0.0,
            5.19470251
          ]
        ],
        "pbc": [
          true,
          true,
          true
        ],
        "a": 5.196588320000001,
        "b": 264.048337,
        "c": 5.19470251,
        "alpha": 11.216756159999996,
        "beta": 11.926612420000025,
        "gamma": 8.936323560000062,
        "volume": 204.64214395605083
      },
      "properties": {},
      "sites": [
        {
          "species": [
            {
              "element": "Tl",
              "occu": 1.0
            }
          ],
          "abc": [
            0.07538417,
            0.28574075,
            0.81069596
          ],
          "properties": {},
          "label": "Tl0",
          "xyz": [
            10.35384516688806,
            10.481770912008082,
            78.60276771567298
          ]
        },
        {
          "species": [
            {
              "element": "Tl",
              "occu": 1.0
            }
          ],
          "abc": [
            0.35729459,
            0.72364977,
            0.67575399
          ],
          "properties": {},
          "label": "Tl1",
          "xyz": [
            26.400203172333214,
            26.545500106888287,
            192.7555687980104
          ]
        },
        {
          "species": [
            {
              "element": "Tl",
              "occu": 1.0
            }
          ],
          "abc": [
            0.67417333,
            0.22597086,
            0.47444194
          ],
          "properties": {},
          "label": "Tl2",
          "xyz": [
            8.84806285439642,
            8.28924396436088,
            64.41984326586275
          ]
        },
        {
          "species": [
            {
              "element": "I",
              "occu": 1.0
            }
          ],
          "abc": [
            0.99822092,
            0.22517168,
            0.69067639
          ],
          "properties": {},
          "label": "I3",
          "xyz": [
            9.16733208413384,
            8.259927803899137,
            66.98371647636151
          ]
        },
        {
          "species": [
            {
              "element": "I",
              "occu": 1.0
            }
          ],
          "abc": [
            0.09845264,
            0.72574126,
            0.32838784
          ],
          "properties": {},
          "label": "I4",
          "xyz": [
            26.19742042549233,
            26.622221817196518,
            190.1767518236764
          ]
        },
        {
          "species": [
            {
              "element": "I",
              "occu": 1.0
            }
          ],
          "abc": [
            0.33936022,
            0.28655835,
            0.00647316
          ],
          "properties": {},
          "label": "I5",
          "xyz": [
            10.666728490068875,
            10.511762769654071,
            75.97899414783757
          ]
        },
        {
          "species": [
            {
              "element": "I",
              "occu": 1.0
            }
          ],
          "abc": [
            0.6971312,
            0.7864981,
            0.90350747
          ],
          "properties": {},
          "label": "I6",
          "xyz": [
            29.024669827552643,
            28.850952854745515,
            211.944553588906
          ]
        },
        {
          "species": [
            {
              "element": "I",
              "occu": 1.0
            }
          ],
          "abc": [
            0.93881069,
            0.78684699,
            0.14824181
          ],
          "properties": {},
          "label": "I7",
          "xyz": [
            29.29675747117812,
            28.863751116993694,
            209.34033491339542
          ]
        }
      ]
    },
    "symmetry": {
      "crystal_system": "Triclinic",
      "symbol": "P1",
      "number": 1,
      "point_group": "1",
      "symprec": 0.1,
      "version": "2.6.0"
    },
    "universal_anisotropy": 2.2075159458186366,
    "volume": 204.64214395605083,
    "summary": {
      "database_IDs": {
        "aim_materials": [
          "aim-2el-gen_00016"
        ],
        "source_candidate_relpath": "2el/005_gen_00016_Tl3I5",
        "source_manifest_id": "gen_00016",
        "source_set": "2el",
        "source_reduced_formula": "Tl3I5"
      },
      "has_props": [
        "summary",
        "elasticity"
      ],
      "task_ids": [],
      "theoretical": true
    },
    "elasticity": {
      "bulk_modulus": {
        "voigt": 108.11714331340455,
        "reuss": 108.11714331340455,
        "vrh": 108.11714331340455
      },
      "compliance_tensor": {
        "raw": [
          [
            0.7226214486189977,
            -0.2028007418416777,
            -0.2003049207505164,
            0.012533374302597242,
            0.022814432441913595,
            0.036014882564446626
          ],
          [
            -0.20280074184167768,
            0.7227876806367421,
            -0.200491683367343,
            0.0065058567257090215,
            0.012867607350837218,
            0.012001843100875284
          ],
          [
            -0.20030492075051637,
            -0.20049168336734297,
            0.7195547788743064,
            -0.01301420013751056,
            0.04287059326340689,
            -0.007663074069860636
          ],
          [
            0.012533374302597246,
            0.0065058567257090215,
            -0.013014200137510562,
            2.0724722713677757,
            0.014491741524273802,
            0.043989695566853414
          ],
          [
            0.022814432441913585,
            0.012867607350837217,
            0.04287059326340689,
            0.014491741524273802,
            2.0696177769287156,
            -0.012022034677149655
          ],
          [
            0.03601488256444663,
            0.01200184310087528,
            -0.007663074069860634,
            0.043989695566853414,
            -0.012022034677149655,
            2.0046127523243285
          ]
        ],
        "ieee_format": [
          [
            0.7226214486189977,
            -0.2028007418416777,
            -0.2003049207505164,
            0.012533374302597242,
            0.022814432441913595,
            0.036014882564446626
          ],
          [
            -0.20280074184167768,
            0.7227876806367421,
            -0.200491683367343,
            0.0065058567257090215,
            0.012867607350837218,
            0.012001843100875284
          ],
          [
            -0.20030492075051637,
            -0.20049168336734297,
            0.7195547788743064,
            -0.01301420013751056,
            0.04287059326340689,
            -0.007663074069860636
          ],
          [
            0.012533374302597246,
            0.0065058567257090215,
            -0.013014200137510562,
            2.0724722713677757,
            0.014491741524273802,
            0.043989695566853414
          ],
          [
            0.022814432441913585,
            0.012867607350837217,
            0.04287059326340689,
            0.014491741524273802,
            2.0696177769287156,
            -0.012022034677149655
          ],
          [
            0.03601488256444663,
            0.01200184310087528,
            -0.007663074069860634,
            0.043989695566853414,
            -0.012022034677149655,
            2.0046127523243285
          ]
        ]
      },
      "elastic_tensor": {
        "raw": [
          [
            1.7703181505203247,
            0.6884198784828186,
            0.6864067316055298,
            -0.007581822108477354,
            -0.03815440461039543,
            -0.03336569294333458
          ],
          [
            0.6884198784828186,
            1.7679144144058228,
            0.6858923435211182,
            -0.004742567427456379,
            -0.03287377953529358,
            -0.02042396180331707
          ],
          [
            0.6864067316055298,
            0.6858923435211182,
            1.7748292684555054,
            0.0053950161673128605,
            -0.04869156703352928,
            -0.010064227506518364
          ],
          [
            -0.007581822108477354,
            -0.004742567427456379,
            0.0053950161673128605,
            0.48285558819770813,
            -0.0034403023310005665,
            -0.010431296192109585
          ],
          [
            -0.03815440461039543,
            -0.03287377953529358,
            -0.04869156703352928,
            -0.0034403023310005665,
            0.48486006259918213,
            0.00367945758625865
          ],
          [
            -0.03336569294333458,
            -0.02042396180331707,
            -0.010064227506518364,
            -0.010431296192109585,
            0.00367945758625865,
            0.4997836947441101
          ]
        ],
        "ieee_format": [
          [
            1.7703181505203247,
            0.6884198784828186,
            0.6864067316055298,
            -0.007581822108477354,
            -0.03815440461039543,
            -0.03336569294333458
          ],
          [
            0.6884198784828186,
            1.7679144144058228,
            0.6858923435211182,
            -0.004742567427456379,
            -0.03287377953529358,
            -0.02042396180331707
          ],
          [
            0.6864067316055298,
            0.6858923435211182,
            1.7748292684555054,
            0.0053950161673128605,
            -0.04869156703352928,
            -0.010064227506518364
          ],
          [
            -0.007581822108477354,
            -0.004742567427456379,
            0.0053950161673128605,
            0.48285558819770813,
            -0.0034403023310005665,
            -0.010431296192109585
          ],
          [
            -0.03815440461039543,
            -0.03287377953529358,
            -0.04869156703352928,
            -0.0034403023310005665,
            0.48486006259918213,
            0.00367945758625865
          ],
          [
            -0.03336569294333458,
            -0.02042396180331707,
            -0.010064227506518364,
            -0.010431296192109585,
            0.00367945758625865,
            0.4997836947441101
          ]
        ]
      },
      "fitting_data": {
        "source": "aim_materials_ml_predictions",
        "selection_quality_score": 10.0,
        "source_candidate_relpath": "2el/005_gen_00016_Tl3I5"
      },
      "fitting_method": "ml_predicted_proxy",
      "last_updated": "2026-02-21T01:08:03.784574+00:00",
      "order": 2,
      "property_name": "elasticity",
      "shear_modulus": {
        "voigt": 55.352383818563595,
        "reuss": 55.352383818563595,
        "vrh": 55.352383818563595
      },
      "state": "predicted",
      "warnings": [],
      "young_modulus": 141.84970646797166
    }
  },
  {
    "material_id": "aim-2el-gen_00075",
    "builder_meta": {
      "emmet_version": "aim-materials-local",
      "pymatgen_version": "2025.6.14",
      "database_version": "qe_campaign_v1_local",
      "build_date": "2026-02-21T01:08:03.777461+00:00",
      "license": "BY-C"
    },
    "chemsys": "Ge-O",
    "composition": {
      "Ge": 3.0,
      "O": 5.0
    },
    "composition_reduced": {
      "Ge": 3.0,
      "O": 5.0
    },
    "density": 3.816019940173938,
    "density_atomic": 16.204803222703106,
    "deprecated": false,
    "elements": [
      "Ge",
      "O"
    ],
    "formula_anonymous": "A3B5",
    "formula_pretty": "Ge3O5",
    "homogeneous_poisson": 0.284624082262918,
    "nelements": 2,
    "nsites": 8,
    "origins": [],
    "structure": {
      "@module": "pymatgen.core.structure",
      "@class": "Structure",
      "charge": 0.0,
      "lattice": {
        "matrix": [
          [
            4.448289933608675,
            0.0,
            38.436570116694746
          ],
          [
            8.148637434868075,
            5.904086534464832,
            104.40531520709979
          ],
          [
            0.0,
            0.0,
            4.93614545
          ]
        ],
        "pbc": [
          true,
          true,
          true
        ],
        "a": 38.69311574,
        "b": 104.88912419,
        "c": 4.93614545,
        "alpha": 5.505242330000011,
        "beta": 6.601510729999998,
        "gamma": 3.870618299999928,
        "volume": 129.63842578162485
      },
      "properties": {},
      "sites": [
        {
          "species": [
            {
              "element": "Ge",
              "occu": 1.0
            }
          ],
          "abc": [
            0.34044684,
            0.15323652,
            0.88305238
          ],
          "properties": {},
          "label": "Ge0",
          "xyz": [
            2.7630750945617932,
            0.9047216743202509,
            33.443190996154875
          ]
        },
        {
          "species": [
            {
              "element": "Ge",
              "occu": 1.0
            }
          ],
          "abc": [
            0.39933672,
            0.44501278,
            0.83159562
          ],
          "properties": {},
          "label": "Ge1",
          "xyz": [
            5.402613309799016,
            2.6273939620627607,
            65.91571034144158
          ]
        },
        {
          "species": [
            {
              "element": "Ge",
              "occu": 1.0
            }
          ],
          "abc": [
            0.70047233,
            0.76157152,
            0.09834651
          ],
          "properties": {},
          "label": "Ge2",
          "xyz": [
            9.321674211511795,
            4.496384156263914,
            106.92132110305951
          ]
        },
        {
          "species": [
            {
              "element": "O",
              "occu": 1.0
            }
          ],
          "abc": [
            0.90878797,
            0.38076292,
            0.16969925
          ],
          "properties": {},
          "label": "O3",
          "xyz": [
            7.145251362457341,
            2.24805722879551,
            75.52202539264532
          ]
        },
        {
          "species": [
            {
              "element": "O",
              "occu": 1.0
            }
          ],
          "abc": [
            0.85194658,
            0.87359552,
            0.64997026
          ],
          "properties": {},
          "label": "O4",
          "xyz": [
            10.908318552991378,
            5.157783546200802,
            127.16226782849284
          ]
        },
        {
          "species": [
            {
              "element": "O",
              "occu": 1.0
            }
          ],
          "abc": [
            0.14539655,
            0.48816776,
            0.57522707
          ],
          "properties": {},
          "label": "O5",
          "xyz": [
            4.624668093378125,
            2.88218469837586,
            59.395258029841685
          ]
        },
        {
          "species": [
            {
              "element": "O",
              "occu": 1.0
            }
          ],
          "abc": [
            0.82362318,
            0.19500697,
            0.01739572
          ],
          "properties": {},
          "label": "O6",
          "xyz": [
            5.252755796482961,
            1.1513380257037875,
            52.102882082364026
          ]
        },
        {
          "species": [
            {
              "element": "O",
              "occu": 1.0
            }
          ],
          "abc": [
            0.84981356,
            0.70551908,
            0.7669664
          ],
          "properties": {},
          "label": "O7",
          "xyz": [
            9.529236290693834,
            4.165445700036016,
            110.1097181227439
          ]
        }
      ]
    },
    "symmetry": {
      "crystal_system": "Triclinic",
      "symbol": "P1",
      "number": 1,
      "point_group": "1",
      "symprec": 0.1,
      "version": "2.6.0"
    },
    "universal_anisotropy": 2.333322079147184,
    "volume": 129.63842578162485,
    "summary": {
      "database_IDs": {
        "aim_materials": [
          "aim-2el-gen_00075"
        ],
        "source_candidate_relpath": "2el/006_gen_00075_Ge3O5",
        "source_manifest_id": "gen_00075",
        "source_set": "2el",
        "source_reduced_formula": "Ge3O5"
      },
      "has_props": [
        "summary",
        "elasticity"
      ],
      "task_ids": [],
      "theoretical": true
    },
    "elasticity": {
      "bulk_modulus": {
        "voigt": 105.900992446493,
        "reuss": 105.900992446493,
        "vrh": 105.900992446493
      },
      "compliance_tensor": {
        "raw": [
          [
            0.7499108895338735,
            -0.2122386904857552,
            -0.20980793036737178,
            0.01174941504495391,
            0.021954268474687746,
            0.032742798549055124
          ],
          [
            -0.21223869048575517,
            0.7506305564774289,
            -0.21030961516496785,
            0.008480618311722336,
            0.01511015019840965,
            0.01096510132161924
          ],
          [
            -0.20980793036737178,
            -0.21030961516496785,
            0.7473789568394626,
            -0.00745650146954052,
            0.049743846488946974,
            -0.00030961792085710437
          ],
          [
            0.011749415044953911,
            0.008480618311722336,
            -0.00745650146954052,
            2.1993058058249644,
            0.015753341871733773,
            0.0480043579842718
          ],
          [
            0.021954268474687743,
            0.015110150198409658,
            0.04974384648894696,
            0.015753341871733773,
            2.195009677798057,
            -0.011946045600689634
          ],
          [
            0.032742798549055124,
            0.010965101321619238,
            -0.00030961792085710713,
            0.0480043579842718,
            -0.011946045600689632,
            2.132510190222455
          ]
        ],
        "ieee_format": [
          [
            0.7499108895338735,
            -0.2122386904857552,
            -0.20980793036737178,
            0.01174941504495391,
            0.021954268474687746,
            0.032742798549055124
          ],
          [
            -0.21223869048575517,
            0.7506305564774289,
            -0.21030961516496785,
            0.008480618311722336,
            0.01511015019840965,
            0.01096510132161924
          ],
          [
            -0.20980793036737178,
            -0.21030961516496785,
            0.7473789568394626,
            -0.00745650146954052,
            0.049743846488946974,
            -0.00030961792085710437
          ],
          [
            0.011749415044953911,
            0.008480618311722336,
            -0.00745650146954052,
            2.1993058058249644,
            0.015753341871733773,
            0.0480043579842718
          ],
          [
            0.021954268474687743,
            0.015110150198409658,
            0.04974384648894696,
            0.015753341871733773,
            2.195009677798057,
            -0.011946045600689634
          ],
          [
            0.032742798549055124,
            0.010965101321619238,
            -0.00030961792085710713,
            0.0480043579842718,
            -0.011946045600689632,
            2.132510190222455
          ]
        ]
      },
      "elastic_tensor": {
        "raw": [
          [
            1.7156922817230225,
            0.6752326488494873,
            0.6740226149559021,
            -0.008569007739424706,
            -0.037183575332164764,
            -0.029732434079051018
          ],
          [
            0.6752326488494873,
            1.7129441499710083,
            0.673744261264801,
            -0.007268696092069149,
            -0.03386564552783966,
            -0.019103609025478363
          ],
          [
            0.6740226149559021,
            0.673744261264801,
            1.7201677560806274,
            0.0002968600019812584,
            -0.05043985694646835,
            -0.013852817006409168
          ],
          [
            -0.008569007739424706,
            -0.007268696092069149,
            0.0002968600019812584,
            0.455006867647171,
            -0.0031914396677166224,
            -0.010091426782310009
          ],
          [
            -0.037183575332164764,
            -0.03386564552783966,
            -0.05043985694646835,
            -0.0031914396677166224,
            0.45736822485923767,
            0.0033716894686222076
          ],
          [
            -0.029732434079051018,
            -0.019103609025478363,
            -0.013852817006409168,
            -0.010091426782310009,
            0.0033716894686222076,
            0.4697297215461731
          ]
        ],
        "ieee_format": [
          [
            1.7156922817230225,
            0.6752326488494873,
            0.6740226149559021,
            -0.008569007739424706,
            -0.037183575332164764,
            -0.029732434079051018
          ],
          [
            0.6752326488494873,
            1.7129441499710083,
            0.673744261264801,
            -0.007268696092069149,
            -0.03386564552783966,
            -0.019103609025478363
          ],
          [
            0.6740226149559021,
            0.673744261264801,
            1.7201677560806274,
            0.0002968600019812584,
            -0.05043985694646835,
            -0.013852817006409168
          ],
          [
            -0.008569007739424706,
            -0.007268696092069149,
            0.0002968600019812584,
            0.455006867647171,
            -0.0031914396677166224,
            -0.010091426782310009
          ],
          [
            -0.037183575332164764,
            -0.03386564552783966,
            -0.05043985694646835,
            -0.0031914396677166224,
            0.45736822485923767,
            0.0033716894686222076
          ],
          [
            -0.029732434079051018,
            -0.019103609025478363,
            -0.013852817006409168,
            -0.010091426782310009,
            0.0033716894686222076,
            0.4697297215461731
          ]
        ]
      },
      "fitting_data": {
        "source": "aim_materials_ml_predictions",
        "selection_quality_score": 10.0,
        "source_candidate_relpath": "2el/006_gen_00075_Ge3O5"
      },
      "fitting_method": "ml_predicted_proxy",
      "last_updated": "2026-02-21T01:08:03.787573+00:00",
      "order": 2,
      "property_name": "elasticity",
      "shear_modulus": {
        "voigt": 53.265053377918306,
        "reuss": 53.265053377918306,
        "vrh": 53.265053377918306
      },
      "state": "predicted",
      "warnings": [],
      "young_modulus": 136.8511406245873
    }
  },
  {
    "material_id": "aim-2el-gen_00043",
    "builder_meta": {
      "emmet_version": "aim-materials-local",
      "pymatgen_version": "2025.6.14",
      "database_version": "qe_campaign_v1_local",
      "build_date": "2026-02-21T01:08:03.777461+00:00",
      "license": "BY-C"
    },
    "chemsys": "Ge-O",
    "composition": {
      "Ge": 3.0,
      "O": 5.0
    },
    "composition_reduced": {
      "Ge": 3.0,
      "O": 5.0
    },
    "density": 3.3970606193689465,
    "density_atomic": 18.20334081524787,
    "deprecated": false,
    "elements": [
      "Ge",
      "O"
    ],
    "formula_anonymous": "A3B5",
    "formula_pretty": "Ge3O5",
    "homogeneous_poisson": 0.26249813010804973,
    "nelements": 2,
    "nsites": 8,
    "origins": [],
    "structure": {
      "@module": "pymatgen.core.structure",
      "@class": "Structure",
      "charge": 0.0,
      "lattice": {
        "matrix": [
          [
            0.5041890030741354,
            0.0,
            6.4627175784443125
          ],
          [
            0.15437319983975653,
            2.1363314247932164,
            36.42411070526454
          ],
          [
            0.0,
            0.0,
            135.20074647
          ]
        ],
        "pbc": [
          true,
          true,
          true
        ],
        "a": 6.4823549,
        "b": 36.48703309,
        "c": 135.20074647,
        "alpha": 3.3653743000000156,
        "beta": 4.4608955100000065,
        "gamma": 5.3887430900000775,
        "volume": 145.62672652198296
      },
      "properties": {},
      "sites": [
        {
          "species": [
            {
              "element": "Ge",
              "occu": 1.0
            }
          ],
          "abc": [
            0.2833288,
            0.59630595,
            0.96719444
          ],
          "properties": {},
          "label": "Ge0",
          "xyz": [
            0.23490492279917696,
            1.2739071397761723,
            154.3163982228811
          ]
        },
        {
          "species": [
            {
              "element": "Ge",
              "occu": 1.0
            }
          ],
          "abc": [
            0.10713695,
            0.23843923,
            0.48436941
          ],
          "properties": {},
          "label": "Ge1",
          "xyz": [
            0.09082589891533116,
            0.5093852199524974,
            74.86443855929743
          ]
        },
        {
          "species": [
            {
              "element": "Ge",
              "occu": 1.0
            }
          ],
          "abc": [
            0.05456289,
            0.77052188,
            0.22690517
          ],
          "properties": {},
          "label": "Ge2",
          "xyz": [
            0.1464579372760886,
            1.6460901057347477,
            59.09594716818453
          ]
        },
        {
          "species": [
            {
              "element": "O",
              "occu": 1.0
            }
          ],
          "abc": [
            0.5994904,
            0.66407742,
            0.08616869
          ],
          "properties": {},
          "label": "O3",
          "xyz": [
            0.40477222339524455,
            1.4186894608416032,
            39.712837819477095
          ]
        },
        {
          "species": [
            {
              "element": "O",
              "occu": 1.0
            }
          ],
          "abc": [
            0.69552536,
            0.842992,
            0.23867591
          ],
          "properties": {},
          "label": "O4",
